Public_data/Composition/ICRC2017/Xmax_moments_icrc23.txt
# %ECSV 1.0
# ---
# datatype:
# - {name: Index, datatype: int32}
# - {name: minLgE, unit: dex(eV), datatype: float32}
# - {name: maxLgE, unit: dex(eV), datatype: float32}
# - {name: meanLgE, unit: dex(eV), datatype: float32}
# - {name: Points, datatype: int32}
# - {name: fXmax, unit: g/cm2, datatype: float32}
# - {name: statXmax, unit: g/cm2, datatype: float32}
# - {name: sysXmax_up, unit: g/cm2, datatype: float32}
# - {name: sysXmax_low, unit: g/cm2, datatype: float32}
# - {name: fRMS, unit: g/cm2, datatype: float32}
# - {name: statRMS, unit: g/cm2, datatype: float32}
# - {name: sysRMS_up, unit: g/cm2, datatype: float32}
# - {name: sysRMS_low, unit: g/cm2, datatype: float32}
# meta: !!omap
# - reference_id: 2017ICRC...35..506B
# - comments: "Data from https://www.auger.org/document-centre-public/download/78-data/4624-xmax-moments-icrc-2017. Formatted by J. Biteau (2023-07)."
# schema: astropy-2.0
Index minLgE maxLgE meanLgE Points fXmax statXmax sysXmax_up sysXmax_low fRMS statRMS sysRMS_up sysRMS_low
0 17.80 17.90 17.850  9740        711.42220        0.75000        7.65280       -10.29165         59.36762        0.95000        1.87898        -1.70002
1 17.90 18.00 17.949  8698        719.81541        0.85000        7.49714       -10.26298         60.66016        1.05000        2.04544        -1.79636
2 18.00 18.10 18.048  7283        728.84318        0.90000        7.34131       -10.20271         62.08364        1.30000        2.22931        -1.91791
3 18.10 18.20 18.147  5889        737.90587        1.00000        7.19514       -10.10313         61.08004        1.30000        2.42549        -2.06000
4 18.20 18.30 18.248  4508        744.13308        1.10000        7.06400        -9.95457         59.31372        1.45000        2.62492        -2.20745
5 18.30 18.40 18.347  3514        750.58684        1.25000        6.91362        -9.73359         57.63678        1.50000        2.34213        -2.00481
6 18.40 18.50 18.447  2598        757.62967        1.55000        6.78991        -9.46094         55.96089        1.90000        2.08703        -1.82392
7 18.50 18.60 18.547  1874        759.01942        1.50000        6.69537        -9.14818         53.67409        1.85000        1.87083        -1.67378
8 18.60 18.70 18.648  1344        764.82018        1.85000        6.63023        -8.80731         57.91072        2.45000        1.68215        -1.53776
9 18.70 18.80 18.747   969        763.25701        1.70000        6.59229        -8.46426         46.51549        2.15000        1.54414        -1.46334
10 18.80 18.90 18.847   765        767.18066        1.80000        6.57606        -8.13044         44.41196        2.20000        1.42861        -1.39536
11 18.90 19.00 18.950   564        770.37617        1.90000        6.57765        -7.82349         38.06944        2.40000        1.35806        -1.37812
12 19.00 19.10 19.047   458        775.23763        2.35000        6.59198        -7.57496         42.40103        2.90000        1.29035        -1.32757
13 19.10 19.20 19.147   325        773.91836        2.20000        6.61613        -7.37114         32.66971        2.65000        1.30699        -1.39782
14 19.20 19.30 19.248   186        781.13079        3.30000        6.64741        -7.21763         41.19262        4.60000        1.26765        -1.34580
15 19.30 19.40 19.346   168        780.31782        3.20000        6.68252        -7.11405         33.77773        4.30000        1.32640        -1.43582
16 19.40 19.50 19.444   106        780.54610        4.30000        6.72067        -7.04886         35.93329        5.25000        1.35739        -1.46333
17 19.50 19.60 19.549    52        792.57566        5.10000        6.76401        -7.01234         36.46750        6.75000        1.41879        -1.52381
18 19.60 21.00 19.711    56        784.90400        4.30000        6.83434        -7.00417         28.25631        3.95000        1.60367        -1.73734
